Kayla Becker
supervisor
00000
02359
10000
12359
20000
22359
30000
32359
40000
42359
50000
52359
60000
62359
Jimmy Blair
supervisor
00000
02359
10000
12359
20000
22359
30000
32359
40000
42359
50000
52359
60000
62359
Doug Ellmore
supervisor
00000
02359
10000
12359
20000
22359
30000
32359
40000
42359
50000
52359
61500
62359
Zach Ireland
supervisor
00000
02359
10000
12359
20000
20000
31600
32359
40000
42359
50000
52359
60000
62359
Sharon Lane
supervisor
00000
02359
10000
12359
20000
22359
30000
32359
40000
42359
50000
52359
60000
62359
Nic Manoogian
supervisor
00000
02359
10000
12359
20000
22359
30000
32359
40000
42359
50000
52359
60000
62359
James Baker
employee
01200
02359
10000
12359
20000
22359
31200
32359
41700
42359
51200
52359
61700
62359
David Beall
Employee
00000
02359
10000
12359
20000
22359
30000
32359
40000
42359
50000
52359
60000
62359
Michelle Burns
Employee
00000
02359
10000
12359
20000
22359
30000
32359
40000
42359
50000
52359
60000
60000
Brennan Connelly
Employee
01700
02359
10000
11700
20000
21700
30000
31700
40000
41700
50000
51700
60000
61700
Chad DeVillbiss
Employee
00000
00000
10000
10000
20000
20000
30000
30000
40000
41800
50000
50000
60000
60000
Alex Ellenbogen
Employee
01500
02359
10000
10000
20000
20000
30000
30000
40000
40000
50000
50000
60000
60000
Harrison Goetzke
Employee
00000
02359
10000
12359
20000
22359
30000
32359
40000
42359
50000
52359
60000
62359
Braden Grimes
Employee
00000
02359
10000
12359
20000
22359
30000
30000
40000
40000
50000
50000
60000
60000
